[[-89.8368889185772, -179.649801235483], [89.3548346028453, -0.758682852964256]]
[[-89.7825386467308, 0.875300607120295], [89.8697820212086, 179.389698877646]]

[[-89.8368889185772, -178.450766633475], [-24.3150131750456, -0.758682852964256]]
[[-22.2290518471175, -179.649801235483], [89.3548346028453, -1.6119688104894]]
[[-87.7990134795192, 0.875300607120295], [89.8697820212086, 81.9296797839597]]
[[-89.7825386467308, 84.3011312486144], [89.631012612782, 179.389698877646]]

[[-88.964318045864, -178.450766633475], [-12.4903555877927, -102.055046056423]]
[[-7.45611798831081, -179.649801235483], [89.3548346028453, -101.868149732178]]

