-30.7198750044777 -131.389726023837
28.2381238128236 62.9386198720609
30.8704485189498 11.326140291675
-67.7265080985271 -28.551193554211
-11.5038112837373 -15.8944746646539
-5.053951626203 -161.782783373158
75.3379692814024 26.4330934949373
77.6229459082815 -114.131628616774
84.8597051738108 -52.9674089480971
-63.8412045379361 -82.4817712709688
29.8638196661434 2.71644230127168
75.1701883902634 149.278375231325
31.6771051109196 -32.3642871027646
84.3391874778733 -39.5290521064443
-69.4064305906214 18.6302705289006
14.5799289292562 -117.195017085036
-8.26413253241411 -1.67125971134345
58.6100617836276 142.058209200417
-78.6838696285541 128.786529017979
45.5725228579587 172.74806286802
3.96768396439388 -159.623924800951
-83.9819769998928 -135.885823143593
-74.8075098939275 64.2034611311757
-31.5000835906249 -53.8567243487838
66.7064198370587 -6.57637593642642
-21.8394271246341 -131.388848103298
17.8693005479264 -18.2446355923287
-79.3863262559224 34.8956652800067
-29.8813550266816 95.0979869603636
-14.7472597960137 74.9722889321727
-50.136621855263 80.8407165020894
-35.5511969540041 -90.9234064030104
59.2823198387783 87.0057722493102
-6.47661691367469 -23.6465009505146
41.0018096170396 -12.8056129220899
-18.2520030756723 -36.6617540720206
-6.47324755623622 -148.186439726589
51.4303822728947 -113.903813182332
66.6851682759287 158.828592663085
31.8190544013954 -179.189153294633
89.8916412703188 42.9927371363122
35.8365224701522 65.7840741638951
24.3796777140255 56.0377490315762
-48.6604106233737 -15.7078757303338
-22.6971381403027 57.9478191388528
-44.5192083970267 145.304255767401
1.29840755429976 -137.225652261277
-19.6218259956789 -49.2139159279009
77.3770927858432 -72.4308647086987
-63.8780463551535 24.7333749591994
1.55044392289149 -111.480639004838
70.0830080919354 -110.204213284982
-83.6019383247951 59.0325946542586
-71.2848382262908 6.53846643238259
24.8555147530769 142.395542414112
-85.6576528845623 171.161030973848
60.8130066519664 98.8525513554237
-51.9182773502163 154.711631487455
-33.5298434195713 32.7794861853027
-84.9046943685527 -97.0032311030679
62.9302472308885 31.3516045042088
-73.3122722447441 92.9884589058293
36.9886819492042 -25.6425616730203
-30.2509148978865 -1.97366352284965
-23.4228145673046 -102.142267470314
9.15824137588881 -171.111036441806
-1.3217367377699 -31.623513107944
-86.5406023136063 -47.9854385498844
36.3741146895914 -55.15495475156
77.5481634901595 87.9432177114967
-15.5237384352478 -84.7091928053224
-26.9754729964656 3.67065458729428
-63.4974220364808 18.2974373913824
75.4015601824045 61.2960377527848
35.1036537834926 -16.1357819457239
43.7952570495173 16.9075865842903
-7.73760853229911 -17.9009829265536
46.3673053106141 59.4782492143466
17.0537992040877 30.0213781977172
-70.1553653740116 39.6657478714668
-82.8511119134962 -49.9017994431321
78.722330997103 145.467722325338
-53.640566507187 134.007066150199
19.8405218356478 23.9732494968796
-48.8872794894908 -159.794490327963
-61.9592151474018 161.801520447154
-73.0547073404559 -68.1470096149235
89.1876488268318 171.865773346213
-20.8753243605026 145.168887192928
14.8039713338036 6.47436515729612
62.3160516248625 -42.5043995783219
8.2829488992146 -119.813759000885
19.2987131836353 31.7216683792517
73.7877549807484 141.183331963226
-74.2572085299796 -42.7022041113592
86.9302893974494 -141.940040961811
56.816120849371 -134.648286436986
-87.8225422361039 126.253978044844
74.2523381413204 -60.0599169172626
71.8671470609806 -35.032358027544
